# id	file_path	transparent_color_r	g	b
[TEXTURES]
0	textures\mario.png	255	255	255
10	sprites\item2.png	255	0 	255
30	textures\player.png	41	255 	4
31	textures\player-right.png	41	255 	4
40	sprites\enemies.png	255	0 	255
41	sprites\enemies0.png	255	0 	255
70	sprites\map2_bank.png	255	255	255
80	textures\HUB.png	255	0 	255

[MAP]
70	31	11	125	32	341	sprites\map2_map.txt

# id	left	top	right	bottom	texture_id
[SPRITES]
#---------------->  JASON <------------------>#
# Jason Top Down 
20001	210	3	230	35	30
20002	235	3	255	35	30
20003	260	3	280	35	30

# Jason Top Up 
20004	210	36	230	68	30
20005	235	36	255	68	30
20006	260	36	280	68	30

# Jason LEFT 
20007	208	69	232	101	30
20008	233	69	257	101	30
20009	258	69	282	101	30

# Jason RIGHT 
20010	128	69	152	101	31
20011	153	69	177	101	31
20012	178	69	202	101	31

#---------------->  RAINBOW BULLET <------------------>#
30001	285	55	293	65	10
30002	285	71	293	81	10
30003	285	87	293	97	10
30004	285	103	293	113	10
30005	285	155	293	165	10

#---------------->  HUB <------------------>#
800000	60	60	70	115	80
800001	80	60	90	115	80
800002	100	60	110	115	80
800003	120	60	130	115	80
800004	140	60	150	115	80
800005	160	60	170	115	80
800006	180	60	190	115	80
800007	200	60	210	115	80
800008	220	60	230	115	80
800009	240	60	250	115	80

# ani_id	sprite1_id	time1	sprite2_id	time2	...
[ANIMATIONS]
#---------------->  JASON <------------------>#
# JASON WALK TOP DOWN 
500	20001	100	20002	100	20003	100

# JASON WALK TOP UP 
501	20004	100	20005	100	20006	100

# JASON WALK LEFT
502	20007	100	20008	100	20009	100

# JASON WALK RIGHT
503	20010	100	20011	100	20012	100

#JASON IDLE TOP DOWN
504	20001	100

#JASON IDLE TOP UP
505	20004	100

#JASON IDLE TOP LEFT
506	20007	100

#JASON IDLE TOP RIGHT
507	20010	100


# -----------------> HUB ---------------------------#
1100	800000	100
1101	800001	100
1102	800002	100
1103	800003	100
1104	800004	100
1105	800005	100
1106	800006	100
1107	800007	100
1108	800008	100
1109	800009	100

#---------------->  RAINBOW BULLET <------------------>#
600	30001	30	30002	30	30003	30	30004	30	30005	30

#
# id	ani1	ani2	ani3
#
[ANIMATION_SETS]
# Player
1	400	401	402	403	404	405	406	407	408	409	410	411	412	413	414

# JASON 
2	500	501	502	503	504	505	506	507

# HUB
40	1109	1108	1107	1106	1105	1104	1103	1102	1101	1100

# Rainbow Bullet
3	600

[OBJECTS]
# type	x	y	ani_set_id	extra_settings per object type
# type: 0 = Player , 1 = Interrupt, 2 = Bullet, 3 = BallBot, 4 = Brick, 5 = Stuka, 6 = eyelet, 7 = BallCarry
# Player 
0	99	99	2

# BRICK 

# type -> x -> y -> ani_set_id -> width -> height
1	0	0	0	32	2015
1	224	0	0	65	1919
1	98	208	0	134	48
1	32	336	0	128	48
1	96	463	0	128	48
1	32	719	0	64	48
1	160	719	0	64	48
1	32	975	0	128	48
1	96	1231	0	128	48
1	33	1487	0	128	48
1	96	1615	0	128	48
1	32	1711	0	80	80
1	144	1711	0	80	80
1	32	1975	0	480	40
1	289	1711	0	80	80
1	401	1711	0	80	80
1	289	1199	0	80	80
1	401	1711	0	80	80
1	401	1199	0	80	80

# --- SCENE PORTAL ----
# type	l	t	ani_set_id	r	b	scene_id
#50	1443	349	0	1463	369	1

